0000000000011000001000110001100000000000
0000000000011000001100110001100000000000
0011111111011000001111001101101111111100
0010000011011001000111000001101100000100
0010000011011001000111000001101100000100
0010000011011000110111001101101100000100
0010000011011111111110110001101100000100
0010000011011111111110110001101100000100
0011111111011011110000001111101111111100
0011111110011011110000001111100111111100
0000000000011011001001001101100000000000
1111111111111100111001000001111111111111
1111111111111110111001000001111111111111
0001110000011111110110110011110011000000
0011111111111110001000110001101100111111
0011111111111100001000110001101100111111
0001100000000111110000110000000000111111
0000000000000111100000110000000000111111
1100001111100111000111110011111100100111
0010010000011111001000111100001111100110
0010011000011111011000011100001111100110
0010011111100011111110001101101100111111
1111101100010000111110010010001100111111
1111101100011000111110110010001100100111
1110000000111100001001000010010011100111
1110000000111100001001100010010011100111
0001110011011011110001111100000000000011
1111111111111011001001101101111100011100
1111111111111011001001001101111100011110
0000000000011111000000001101101100100111
0011111110011000100001001101111100100111
0011111111011000110001001101111100100111
0010000011011011110111111100000000111111
0010000011011011100111111100000000111111
0010000011011111000110001110000000111000
0010000011011110000001001100000011111001
0010000011011100000001101100000011111011
0011111111011000110001111110011111100011
0000000000011000111001110110001100010000
0000000000011000111001110010001100011000
